1.png 60.7770 10.00 0.9367
2.png 58.8353 10.00 0.9970
3.png 60.4580 10.00 0.9993
4.png 58.9937 10.00 1.0000
5.png 58.6981 10.00 1.0000
6.png 62.1448 10.00 1.0000
7.png 61.5320 10.00 1.0000
8.png 58.5867 10.00 1.0000
9.png 62.1272 10.00 1.0000
10.png 61.7605 10.00 1.0000
11.png 60.8147 10.00 1.0000
12.png 61.9358 10.00 0.9878
13.png 60.0341 10.00 1.0000
14.png 58.3463 10.00 1.0000
15.png 57.5617 10.00 1.0000
16.png 63.6632 10.00 1.0000
17.png 60.0692 10.00 1.0000
18.png 58.2517 10.00 1.0000
19.png 60.2630 10.00 1.0000
20.png 61.0385 10.00 0.9997
21.png 61.2182 10.00 1.0000
22.png 55.6229 10.00 1.0000
23.png 59.7489 10.00 1.0000
24.png 54.2216 10.00 1.0000
